8.42979
9.66275
14.87357
17.26676
20.03598
21.33832
23.02667
21.25442
17.25516
12.06974
8.25336
6.75214
-6.53034
-8.31472
-13.82945
-20.61113
-22.06361
-25.00296
-25.69293
-23.00029
-18.85632
-11.82906
-8.5761
-5.64367
-1.21115
1.18531
0.48474
2.86904
-0.41427
1.01058
-0.90752
0.40898
3.48077
0.79588
1.24313
0.0318
-0.54594
-0.46417
0.8057
2.36612
1.87564
2.04345
4.44498
2.0206
-0.93236
0.07383
-1.72235
-1.68299
-3.61211
-6.08206
-8.70122
-15.09927
-19.33992
-21.19464
-24.04385
-19.66887
-12.25681
-7.78884
-3.57144
8.65659
3.7043
5.97084
8.55705
14.74944
18.7896
20.76637
24.05271
21.01842
14.16314
8.40236
5.26306
-7.54076
0.43844
-0.24846
1.37299
-1.97198
-1.07367
-2.56478
-3.36331
-3.12541
-0.68344
1.13172
-0.55508
0.433
-0.14803
-0.51791
-2.71782
-0.06057
-1.641
-0.72658
-1.13532
-0.63316
-1.27842
-2.41574
-0.95477
-0.97262
7.08342
9.36283
14.99094
16.98203
23.53553
25.28311
24.20105
22.29119
18.56988
13.66917
8.63465
6.77624
-8.43603
-8.34506
-13.06435
-16.20795
-22.79134
-22.44004
-20.94766
-19.98879
-16.56536
-13.48049
-9.9179
-8.0215
8.48844
8.6355
11.86549
15.78043
20.92663
22.5971
22.54074
21.96282
17.3925
15.41673
11.35794
8.64913
-5.11976
-7.50168
-10.66959
-15.23879
-19.86818
-25.5543
-25.09428
-22.84028
-17.40444
-13.77353
-7.09523
-5.49511
-0.55432
0.49256
-0.05129
-1.9221
-1.0388
1.67647
0.71636
-2.72219
-0.45517
-0.44382
-0.75457
-0.10312
1.19928
1.23257
2.23121
2.37017
1.59111
4.83858
3.31808
6.91232
3.06424
1.50415
1.54328
0.80622
-2.06303
-1.95944
-1.20219
0.21912
0.99039
0.93848
1.06785
0.00331
0.98369
0.99845
-0.27518
-1.54545
-0.40888
-1.12028
-2.1211
0.55479
0.68595
-3.17947
-1.11813
-2.69345
-4.04657
-2.63796
-2.53425
-0.91916
-0.26123
-1.23356
-2.2618
-2.95204
-2.92528
-1.83668
-2.22957
-1.64897
-1.86973
-1.28346
-0.5896
0.15609
-1.73423
0.167
1.01041
1.64873
0.16848
0.60912
0.51201
0.09468
0.9117
-0.61843
-1.94247
-1.76732
2.1771
1.40625
0.90847
0.68604
1.60986
0.97686
1.8705
3.01114
2.51673
2.71993
3.36381
2.44181
2.73402
2.27019
2.53353
-0.33185
0.41816
-0.82333
-2.23672
-1.46649
-0.03372
2.04111
1.11831
2.03841
-1.52221
1.26481
-0.0938
2.87749
1.68798
3.32445
3.62715
3.7158
3.43242
0.31564
0.63107
-0.1196
7.87094
4.02757
9.96455
13.98619
19.70138
21.82793
25.0769
21.29796
15.69513
11.4301
6.37205
5.53348
-8.48325
-7.05835
-10.9757
-16.55769
-20.57021
-23.93976
-24.89551
-22.92698
-17.98524
-13.08334
-8.00068
-6.90382
0.57381
2.0293
1.8187
3.33636
2.16802
4.26706
1.6203
2.08918
2.89851
1.68181
1.76521
0.62616
-0.55298
-2.25186
-2.91566
-4.34103
-4.23792
-6.53199
-4.95258
-4.46028
-4.19906
-1.48153
-1.44349
-0.61546
8.84229
7.24998
2.67685
-1.72049
-8.02104
-8.52318
-10.83413
-9.26766
-8.66572
1.13902
6.07497
6.10598
1.24477
3.18813
11.2419
16.46282
27.82783
33.45003
33.83172
28.9851
26.02275
13.03758
3.41125
2.48197
-8.77072
-9.83489
-11.53443
-13.7549
-17.48155
-22.14959
-21.05553
-18.16224
-16.74257
-12.89857
-8.80226
-7.66426
0.18143
-0.067
-0.76697
0.49524
-0.04045
0.45782
0.35865
-0.21576
-0.24872
-0.61039
-0.32996
-0.21894
0.36734
0.5355
0.19502
-0.70011
-1.62373
-1.78827
-2.54756
-1.06562
0.09724
-0.09882
0.15749
-0.06168
-2.50648
-2.89703
-3.77466
-3.73949
-5.43354
-5.74828
-4.56847
-4.32302
-4.39565
-3.25421
-1.64171
-1.72194
2.35011
5.58452
6.82401
8.11877
8.05853
10.6288
9.85422
8.47297
8.22945
4.59512
3.71901
2.43116
-0.56148
-2.62604
-2.57262
-3.73192
-1.98762
-5.0402
-3.27182
-2.87249
-3.36747
-0.76209
-1.72205
-0.53683
0.91794
3.25897
2.6153
4.45681
4.66693
7.18517
5.06871
5.22595
5.3484
1.91273
1.839
1.4444
17.30929
4.03295
3.55848
8.99738
8.99588
5.8331
8.95438
9.08183
5.28224
10.50145
7.31565
6.9411
-18.19513
-5.12791
-3.40729
-9.62005
-11.47677
-6.48631
-10.11605
-10.89046
-7.33118
-10.39093
-7.14989
-7.75075
-1.32601
-3.96916
-5.47958
-5.36791
-4.46781
-8.09155
-7.32112
-6.92522
-5.27382
-4.10818
-3.02759
-1.25816
7.70036
9.46757
16.91222
20.87604
26.0791
26.14229
28.82513
23.07564
17.65819
15.8067
10.01336
7.58479
-8.33632
-10.36464
-18.18038
-22.64038
-27.35553
-27.01743
-29.72778
-24.59433
-18.9923
-16.14543
-10.37149
-7.52022
2.38511
4.78922
3.92062
3.71162
3.53867
5.9458
5.412
5.63987
4.94965
2.07258
2.15414
0.9563
-3.51109
-5.63925
-6.55639
-10.18625
-8.3908
-12.4444
-11.17748
-11.74833
-9.66438
-5.53801
-4.75751
-2.58064
2.32968
2.45908
5.07738
7.71093
5.71722
6.10147
4.92786
6.61535
4.02512
3.97222
2.90715
0.32575
1.26675
1.12737
1.97366
2.63358
2.56605
2.13216
2.23971
1.67078
2.35081
1.51226
1.36525
2.37287
-2.97442
-3.71328
-4.44492
-3.76178
-4.87811
-4.76646
-4.40033
-4.13783
-4.2732
-4.13519
-2.96373
-2.79399
2.06017
3.32305
3.29947
4.76256
8.10498
4.41981
8.91268
9.59475
4.36589
0.74293
3.54163
1.91326
0.93489
2.89958
2.01181
-2.17545
-3.45967
3.28699
-1.22579
-2.50117
2.23021
3.03918
-1.46809
0.23663
-0.47258
-2.37534
-0.71858
3.57449
3.25759
3.62669
3.17595
2.69788
1.6139
1.46979
0.79243
-0.12831
-0.27072
0.60424
-0.2369
-2.0344
-3.64214
-1.00254
-1.2056
-0.42446
-0.68693
-1.66158
-0.14305
-0.5931
0.3437
1.8654
1.42997
2.10814
2.95747
0.15051
1.75821
1.65291
2.30361
1.59833
0.49828
1.53688
-0.63186
-1.78708
-0.2451
-0.30546
-0.17318
0.27664
-1.04206
-1.07371
-1.2657
-0.09795
-0.2718
-0.9217
1.22362
1.47919
0.24395
-1.54908
-1.36073
-4.56391
0.75674
0.10112
-0.02246
-0.71153
-0.73106
0.63123
0.89501
0.79986
1.96756
4.32332
2.19935
4.25759
-0.31436
0.17583
1.28026
1.50743
2.6829
0.64388
-3.8822
-6.58818
-9.45602
-11.32713
-10.13251
-12.40195
-12.52199
-11.39758
-10.8498
-6.56917
-5.27391
-3.13485
0.20364
0.24894
0.38027
0.48095
0.60542
0.66399
0.69008
0.62327
0.48507
0.35373
0.23933
0.18442
